- candidate_level: 0
  graphs:
    - op: [0, 1, 2, 3, 4, 5, 6, 7, 8, 9, 10, 11, 12, 13, 14, 15, 16, 17, 18, 19, 20, 21, 22, 23, 24, 25, 26, 27, 28, 29] 
      ratio: 0
      resource: 3
      latency: 0.003000
      CPUutil: 95
      GPUutil: 0

    - op: [0, 1, 2, 3, 4, 5, 6, 7, 8, 9, 10, 11, 12, 13, 14, 15, 16, 17, 18, 19, 20, 21, 22, 23, 24, 25, 26, 27, 28, 29]
      ratio: 0
      resource: 1
      latency: 1.234500
      CPUutil: 0
      GPUutil: 100
